Original cell is primitive
Number of atoms is  2 ;    Ga    1    As    1

Primitive basis vectors (cart. coord. in Ang):
    0.000000    2.881637    2.881637
    2.881637    0.000000    2.881637
    2.881637    2.881637    0.000000
Reciprocal basis vectors (cart. coord. in 1/Ang):
   -1.090211    1.090211    1.090211
    1.090211   -1.090211    1.090211
    1.090211    1.090211   -1.090211

Atomic positions (cryst. coord.):
Ga      0.000000    0.000000    0.000000
As      0.250000    0.250000    0.250000
Atomic positions (cart. coord. in Ang):
Ga      0.000000    0.000000    0.000000
As      1.440819    1.440819    1.440819

The crystal system of the structure is: Cubic
The isogonal point group of the space group: Td 
Order of isogonal point group: 24
Number of conjugate class:  5

The representative operations of space group in each conjugate class:
numbers in parenthesis label the corresponding group elements
first 3 columns: rotational matrix (active sense in cryst. coord.)
the 4 column: rotational axis (right-hand rule in cryst. coord.)
the 5 column: associated fractional translation (cryst. coord.)
E ( 1- 1):
  1  0  0    0   0.000 |
  0  1  0    0   0.000 |
  0  0  1    0   0.000 |
C2( 2- 4):
 -1 -1 -1   -1   0.000 |  0  0  1    1   0.000 |  0  1  0    1   0.000 |
  0  0  1    1   0.000 | -1 -1 -1   -1   0.000 |  1  0  0    1   0.000 |
  0  1  0    1   0.000 |  1  0  0    1   0.000 | -1 -1 -1   -1   0.000 |
C3( 5-12):
 -1 -1 -1   -1   0.000 | -1 -1 -1    1   0.000 |  0  1  0    1   0.000 |  0  0  1   -1   0.000 |  1  0  0    3   0.000 |  1  0  0   -3   0.000 |  0  0  1    1   0.000 |  0  1  0   -1   0.000 |
  1  0  0   -1   0.000 |  0  1  0   -3   0.000 | -1 -1 -1    1   0.000 |  0  1  0    3   0.000 | -1 -1 -1   -1   0.000 |  0  0  1    1   0.000 |  1  0  0    1   0.000 |  0  0  1   -1   0.000 |
  0  0  1    3   0.000 |  1  0  0    1   0.000 |  0  0  1   -3   0.000 | -1 -1 -1   -1   0.000 |  0  1  0   -1   0.000 | -1 -1 -1    1   0.000 |  0  1  0    1   0.000 |  1  0  0   -1   0.000 |
m (13-18):
 -1 -1 -1    1   0.000 |  1  0  0    0   0.000 |  1  0  0    0   0.000 |  0  0  1   -1   0.000 |  0  1  0    1   0.000 |  1  0  0    0   0.000 |
  0  1  0    0   0.000 | -1 -1 -1    1   0.000 |  0  1  0    0   0.000 |  0  1  0    0   0.000 |  1  0  0   -1   0.000 |  0  0  1    1   0.000 |
  0  0  1    0   0.000 |  0  0  1    0   0.000 | -1 -1 -1    1   0.000 |  1  0  0    1   0.000 |  0  0  1    0   0.000 |  0  1  0   -1   0.000 |
S4(19-24):
 -1 -1 -1    1   0.000 | -1 -1 -1   -1   0.000 |  0  0  1   -1   0.000 |  0  1  0    1   0.000 |  0  1  0   -1   0.000 |  0  0  1    1   0.000 |
  0  0  1    1   0.000 |  1  0  0    1   0.000 | -1 -1 -1   -1   0.000 |  0  0  1   -1   0.000 | -1 -1 -1    1   0.000 |  1  0  0   -1   0.000 |
  1  0  0   -1   0.000 |  0  1  0   -1   0.000 |  0  1  0    1   0.000 | -1 -1 -1    1   0.000 |  1  0  0    1   0.000 | -1 -1 -1   -1   0.000 |

The SU2 matrix representations in Pauli gauge: SU2(R) = SU2(IR)
The factor system due to spinor in the projective representation is determined by these matrices
E ( 1- 1):
( 1.000, 0.000) ( 0.000, 0.000) | 
( 0.000, 0.000) ( 1.000, 0.000) | 
C2( 2- 4):
( 0.000, 0.000) ( 0.000,-1.000) | ( 0.000, 0.000) (-1.000, 0.000) | ( 0.000,-1.000) ( 0.000, 0.000) | 
( 0.000,-1.000) ( 0.000, 0.000) | ( 1.000, 0.000) ( 0.000, 0.000) | ( 0.000, 0.000) ( 0.000, 1.000) | 
C3( 5-12):
( 0.500, 0.500) (-0.500,-0.500) | ( 0.500, 0.500) (-0.500, 0.500) | ( 0.500,-0.500) ( 0.500, 0.500) | ( 0.500,-0.500) ( 0.500,-0.500) | ( 0.500,-0.500) (-0.500, 0.500) | ( 0.500, 0.500) ( 0.500,-0.500) | ( 0.500,-0.500) (-0.500,-0.500) | ( 0.500, 0.500) ( 0.500, 0.500) | 
( 0.500,-0.500) ( 0.500,-0.500) | ( 0.500, 0.500) ( 0.500,-0.500) | (-0.500, 0.500) ( 0.500, 0.500) | (-0.500,-0.500) ( 0.500, 0.500) | ( 0.500, 0.500) ( 0.500, 0.500) | (-0.500,-0.500) ( 0.500,-0.500) | ( 0.500,-0.500) ( 0.500, 0.500) | (-0.500, 0.500) ( 0.500,-0.500) | 
m (13-18):
( 0.000,-0.707) (-0.707, 0.000) | ( 0.000,-0.707) ( 0.000,-0.707) | ( 0.000, 0.000) (-0.707,-0.707) | ( 0.000, 0.707) ( 0.000,-0.707) | ( 0.000, 0.000) (-0.707, 0.707) | ( 0.000,-0.707) ( 0.707, 0.000) | 
( 0.707, 0.000) ( 0.000, 0.707) | ( 0.000,-0.707) ( 0.000, 0.707) | ( 0.707,-0.707) ( 0.000, 0.000) | ( 0.000,-0.707) ( 0.000,-0.707) | ( 0.707, 0.707) ( 0.000, 0.000) | (-0.707, 0.000) ( 0.000, 0.707) | 
S4(19-24):
( 0.707,-0.707) ( 0.000, 0.000) | ( 0.707, 0.000) ( 0.707, 0.000) | ( 0.707, 0.707) ( 0.000, 0.000) | ( 0.707, 0.000) (-0.707, 0.000) | ( 0.707, 0.000) ( 0.000,-0.707) | ( 0.707, 0.000) ( 0.000, 0.707) | 
( 0.000, 0.000) ( 0.707, 0.707) | (-0.707, 0.000) ( 0.707, 0.000) | ( 0.000, 0.000) ( 0.707,-0.707) | ( 0.707, 0.000) ( 0.707, 0.000) | ( 0.000,-0.707) ( 0.707, 0.000) | ( 0.000, 0.707) ( 0.707, 0.000) | 

